[features3.jpg]
text=1;148;11;Cloudbudget;Arial Rounded MT Bold;0.138646,0.425885,0.166667,0.000000;v1,4278190080,4278190080,128.000000,1.000000,0.500000,1.000000,400,2,49152;;
backuphash=4547
textactive=1
